y = [ [1,2,3,4,5],
      [1,2,3,4,5],
      [1,2,3,4,5]
    ];

z = y .+ [[1,2]];

# y[1,4] = 5;

#x = [ [1,2,3],
#      [1,2,3,4,5],
#      [1,2]
#    ];