y = [ [1,2,3,4,5],
      [1,2,3,4,5],
      [1,2,3,4,5]
    ];


y[1,4] = 5;

x = y[1,2];

x = x + 1;

j = [ [1,2,3],
      [1,2,3,4,5],
      [1,2]
    ];

z = j .+ y;